{
 "metadata": {
  "name": "",
  "signature": "sha256:b4d42e41e038d7a3cc33796d95aad0d81a8bcee7993ab47dedd49370769d00ae"
 },
 "nbformat": 3,
 "nbformat_minor": 0,
 "worksheets": [
  {
   "cells": [
    {
     "cell_type": "code",
     "collapsed": false,
     "input": [
      "%matplotlib inline\n",
      "import numpy as np\n",
      "import matplotlib.pyplot as plt\n",
      "import cvxopt as opt\n",
      "from cvxopt import blas, solvers\n",
      "import pandas as pd"
     ],
     "language": "python",
     "metadata": {},
     "outputs": [],
     "prompt_number": 1
    },
    {
     "cell_type": "code",
     "collapsed": false,
     "input": [
      "return_data = pd.read_csv(\"asset_return_data.csv\").drop('Id', 1)"
     ],
     "language": "python",
     "metadata": {},
     "outputs": [],
     "prompt_number": 26
    },
    {
     "cell_type": "code",
     "collapsed": false,
     "input": [
      "return_data.head()"
     ],
     "language": "python",
     "metadata": {},
     "outputs": [
      {
       "html": [
        "<div style=\"max-width:1500px;overflow:auto;\">\n",
        "<style scoped>\n",
        "    .dataframe tbody tr th:only-of-type {\n",
        "        vertical-align: middle;\n",
        "    }\n",
        "\n",
        "    .dataframe tbody tr th {\n",
        "        vertical-align: top;\n",
        "    }\n",
        "\n",
        "    .dataframe thead th {\n",
        "        text-align: right;\n",
        "    }\n",
        "</style>\n",
        "<table border=\"1\" class=\"dataframe\">\n",
        "  <thead>\n",
        "    <tr style=\"text-align: right;\">\n",
        "      <th></th>\n",
        "      <th>ABOTT_INDIA</th>\n",
        "      <th>ACC</th>\n",
        "      <th>AJANTA_PHARMA</th>\n",
        "      <th>APPOLO_HOSPITAL_ENTERPRISE</th>\n",
        "      <th>ASHOK_LEYLAND</th>\n",
        "      <th>ASIAN_PAINTS</th>\n",
        "      <th>AUROBINDO_PHARMA</th>\n",
        "      <th>AVENUES_APARTMENT</th>\n",
        "      <th>AXIS_BANK</th>\n",
        "      <th>NCL</th>\n",
        "      <th>NESTLE_INDIA</th>\n",
        "      <th>NIIT</th>\n",
        "      <th>NTPC</th>\n",
        "      <th>RBL_BANK</th>\n",
        "      <th>RCOM</th>\n",
        "      <th>ROYAL_ORCHID_HOTELS</th>\n",
        "      <th>BAJAJ_AUTO</th>\n",
        "      <th>BOSCH</th>\n",
        "      <th>AMBUJA_CEMENT</th>\n",
        "      <th>AIRTEL</th>\n",
        "    </tr>\n",
        "  </thead>\n",
        "  <tbody>\n",
        "    <tr>\n",
        "      <th>0</th>\n",
        "      <td>0.008394</td>\n",
        "      <td>0.003700</td>\n",
        "      <td>0.001013</td>\n",
        "      <td>-0.003934</td>\n",
        "      <td>0.052748</td>\n",
        "      <td>-0.007284</td>\n",
        "      <td>0.010971</td>\n",
        "      <td>0.009378</td>\n",
        "      <td>-0.009453</td>\n",
        "      <td>0.011360</td>\n",
        "      <td>0.025438</td>\n",
        "      <td>-0.018838</td>\n",
        "      <td>0.001289</td>\n",
        "      <td>-0.009400</td>\n",
        "      <td>0.027836</td>\n",
        "      <td>0.000929</td>\n",
        "      <td>-0.005573</td>\n",
        "      <td>0.007703</td>\n",
        "      <td>0.014997</td>\n",
        "      <td>-0.018045</td>\n",
        "    </tr>\n",
        "    <tr>\n",
        "      <th>1</th>\n",
        "      <td>-0.007982</td>\n",
        "      <td>0.014044</td>\n",
        "      <td>0.005934</td>\n",
        "      <td>0.021597</td>\n",
        "      <td>-0.000443</td>\n",
        "      <td>0.012231</td>\n",
        "      <td>-0.017577</td>\n",
        "      <td>0.037736</td>\n",
        "      <td>-0.032281</td>\n",
        "      <td>-0.009182</td>\n",
        "      <td>0.040470</td>\n",
        "      <td>0.001048</td>\n",
        "      <td>-0.004491</td>\n",
        "      <td>0.020247</td>\n",
        "      <td>0.038295</td>\n",
        "      <td>-0.027702</td>\n",
        "      <td>0.011896</td>\n",
        "      <td>0.004116</td>\n",
        "      <td>0.014106</td>\n",
        "      <td>0.019705</td>\n",
        "    </tr>\n",
        "    <tr>\n",
        "      <th>2</th>\n",
        "      <td>0.006843</td>\n",
        "      <td>-0.018285</td>\n",
        "      <td>0.032984</td>\n",
        "      <td>-0.000803</td>\n",
        "      <td>0.000000</td>\n",
        "      <td>-0.001709</td>\n",
        "      <td>0.020044</td>\n",
        "      <td>0.015915</td>\n",
        "      <td>0.026732</td>\n",
        "      <td>-0.005889</td>\n",
        "      <td>-0.016361</td>\n",
        "      <td>0.004737</td>\n",
        "      <td>0.007759</td>\n",
        "      <td>-0.012193</td>\n",
        "      <td>-0.011429</td>\n",
        "      <td>0.025950</td>\n",
        "      <td>-0.003398</td>\n",
        "      <td>-0.000853</td>\n",
        "      <td>0.008895</td>\n",
        "      <td>0.051310</td>\n",
        "    </tr>\n",
        "    <tr>\n",
        "      <th>3</th>\n",
        "      <td>0.001602</td>\n",
        "      <td>0.006165</td>\n",
        "      <td>0.052634</td>\n",
        "      <td>-0.003415</td>\n",
        "      <td>0.008039</td>\n",
        "      <td>0.000524</td>\n",
        "      <td>0.012329</td>\n",
        "      <td>0.005839</td>\n",
        "      <td>0.022155</td>\n",
        "      <td>0.061914</td>\n",
        "      <td>-0.002156</td>\n",
        "      <td>-0.015034</td>\n",
        "      <td>0.007820</td>\n",
        "      <td>0.003344</td>\n",
        "      <td>0.013758</td>\n",
        "      <td>0.000928</td>\n",
        "      <td>0.022449</td>\n",
        "      <td>0.000005</td>\n",
        "      <td>0.004692</td>\n",
        "      <td>0.019155</td>\n",
        "    </tr>\n",
        "    <tr>\n",
        "      <th>4</th>\n",
        "      <td>0.036108</td>\n",
        "      <td>0.037777</td>\n",
        "      <td>0.006836</td>\n",
        "      <td>-0.004833</td>\n",
        "      <td>0.016341</td>\n",
        "      <td>-0.012273</td>\n",
        "      <td>-0.001965</td>\n",
        "      <td>-0.003707</td>\n",
        "      <td>0.018426</td>\n",
        "      <td>0.007244</td>\n",
        "      <td>0.004723</td>\n",
        "      <td>-0.013804</td>\n",
        "      <td>0.016562</td>\n",
        "      <td>-0.002808</td>\n",
        "      <td>-0.005043</td>\n",
        "      <td>0.003413</td>\n",
        "      <td>-0.007409</td>\n",
        "      <td>-0.020130</td>\n",
        "      <td>0.068258</td>\n",
        "      <td>0.016342</td>\n",
        "    </tr>\n",
        "  </tbody>\n",
        "</table>\n",
        "</div>"
       ],
       "metadata": {},
       "output_type": "pyout",
       "prompt_number": 27,
       "text": [
        "   ABOTT_INDIA       ACC  AJANTA_PHARMA  APPOLO_HOSPITAL_ENTERPRISE  \\\n",
        "0     0.008394  0.003700       0.001013                   -0.003934   \n",
        "1    -0.007982  0.014044       0.005934                    0.021597   \n",
        "2     0.006843 -0.018285       0.032984                   -0.000803   \n",
        "3     0.001602  0.006165       0.052634                   -0.003415   \n",
        "4     0.036108  0.037777       0.006836                   -0.004833   \n",
        "\n",
        "   ASHOK_LEYLAND  ASIAN_PAINTS  AUROBINDO_PHARMA  AVENUES_APARTMENT  \\\n",
        "0       0.052748     -0.007284          0.010971           0.009378   \n",
        "1      -0.000443      0.012231         -0.017577           0.037736   \n",
        "2       0.000000     -0.001709          0.020044           0.015915   \n",
        "3       0.008039      0.000524          0.012329           0.005839   \n",
        "4       0.016341     -0.012273         -0.001965          -0.003707   \n",
        "\n",
        "   AXIS_BANK       NCL  NESTLE_INDIA      NIIT      NTPC  RBL_BANK      RCOM  \\\n",
        "0  -0.009453  0.011360      0.025438 -0.018838  0.001289 -0.009400  0.027836   \n",
        "1  -0.032281 -0.009182      0.040470  0.001048 -0.004491  0.020247  0.038295   \n",
        "2   0.026732 -0.005889     -0.016361  0.004737  0.007759 -0.012193 -0.011429   \n",
        "3   0.022155  0.061914     -0.002156 -0.015034  0.007820  0.003344  0.013758   \n",
        "4   0.018426  0.007244      0.004723 -0.013804  0.016562 -0.002808 -0.005043   \n",
        "\n",
        "   ROYAL_ORCHID_HOTELS  BAJAJ_AUTO     BOSCH  AMBUJA_CEMENT    AIRTEL  \n",
        "0             0.000929   -0.005573  0.007703       0.014997 -0.018045  \n",
        "1            -0.027702    0.011896  0.004116       0.014106  0.019705  \n",
        "2             0.025950   -0.003398 -0.000853       0.008895  0.051310  \n",
        "3             0.000928    0.022449  0.000005       0.004692  0.019155  \n",
        "4             0.003413   -0.007409 -0.020130       0.068258  0.016342  "
       ]
      }
     ],
     "prompt_number": 27
    },
    {
     "cell_type": "code",
     "collapsed": false,
     "input": [
      "return_data.mean()"
     ],
     "language": "python",
     "metadata": {},
     "outputs": [
      {
       "metadata": {},
       "output_type": "pyout",
       "prompt_number": 28,
       "text": [
        "ABOTT_INDIA                   0.002382\n",
        "ACC                          -0.000364\n",
        "AJANTA_PHARMA                -0.000562\n",
        "APPOLO_HOSPITAL_ENTERPRISE   -0.000983\n",
        "ASHOK_LEYLAND                 0.000522\n",
        "ASIAN_PAINTS                  0.000973\n",
        "AUROBINDO_PHARMA             -0.000652\n",
        "AVENUES_APARTMENT             0.002604\n",
        "AXIS_BANK                     0.000376\n",
        "NCL                          -0.000486\n",
        "NESTLE_INDIA                  0.001999\n",
        "NIIT                          0.000363\n",
        "NTPC                         -0.000165\n",
        "RBL_BANK                      0.000369\n",
        "RCOM                         -0.000060\n",
        "ROYAL_ORCHID_HOTELS           0.002006\n",
        "BAJAJ_AUTO                   -0.000094\n",
        "BOSCH                        -0.000977\n",
        "AMBUJA_CEMENT                -0.000320\n",
        "AIRTEL                       -0.000128\n",
        "dtype: float64"
       ]
      }
     ],
     "prompt_number": 28
    },
    {
     "cell_type": "code",
     "collapsed": false,
     "input": [
      "deviation_matrix = return_data.sub(return_data.mean())"
     ],
     "language": "python",
     "metadata": {},
     "outputs": [],
     "prompt_number": 29
    },
    {
     "cell_type": "code",
     "collapsed": false,
     "input": [
      "cov_mat = 1 / 250.0 * np.matmul(np.transpose(deviation_matrix), deviation_matrix)"
     ],
     "language": "python",
     "metadata": {},
     "outputs": [],
     "prompt_number": 30
    },
    {
     "cell_type": "code",
     "collapsed": false,
     "input": [
      "cov_mat"
     ],
     "language": "python",
     "metadata": {},
     "outputs": [
      {
       "metadata": {},
       "output_type": "pyout",
       "prompt_number": 31,
       "text": [
        "array([[ 3.00101018e-04, -1.57567957e-06,  2.80481878e-05,\n",
        "         2.61172891e-05, -1.62671937e-05, -1.40550996e-06,\n",
        "         7.13126265e-06,  2.44090396e-05,  2.11663038e-05,\n",
        "        -6.10813595e-06,  1.30085892e-05,  1.23040699e-05,\n",
        "         1.84852897e-05,  4.55526848e-06, -5.68343407e-05,\n",
        "         1.16758297e-04, -4.05983564e-06,  3.67251132e-06,\n",
        "        -8.38579862e-06,  4.13408072e-06],\n",
        "       [-1.57567957e-06,  2.70108706e-04,  6.99047598e-05,\n",
        "         2.64331276e-05,  8.27329966e-05,  4.86020372e-05,\n",
        "         5.07167745e-05,  9.39917650e-05,  5.78951373e-05,\n",
        "         1.91792080e-04,  3.53410346e-05,  1.37412803e-04,\n",
        "         3.73813644e-05,  6.84787214e-05,  2.19663660e-04,\n",
        "         1.02331652e-04,  2.76988668e-05,  5.26474469e-05,\n",
        "         2.05884269e-04,  6.82330215e-05],\n",
        "       [ 2.80481878e-05,  6.99047598e-05,  4.68286244e-04,\n",
        "         8.12488169e-05,  8.23499290e-05,  2.63497099e-05,\n",
        "         1.76329391e-04,  9.95289843e-05,  8.19697698e-05,\n",
        "         1.57161298e-04,  1.58427214e-05,  1.33044800e-04,\n",
        "         3.35104105e-05,  1.04995689e-04,  3.00290107e-04,\n",
        "         1.43737410e-04,  5.83466198e-05,  3.69633892e-05,\n",
        "         6.07210189e-05,  7.67051042e-05],\n",
        "       [ 2.61172891e-05,  2.64331276e-05,  8.12488169e-05,\n",
        "         3.48757501e-04,  2.57657327e-05,  2.25270167e-05,\n",
        "         7.39579383e-05,  8.49449877e-05,  1.53649139e-05,\n",
        "         2.57262699e-05,  2.38882616e-05,  8.68570485e-05,\n",
        "        -5.26554728e-06,  4.57674576e-05,  1.23201906e-04,\n",
        "         4.45490407e-05,  2.86167176e-05,  1.03866379e-05,\n",
        "         4.35576806e-05,  2.25339745e-05],\n",
        "       [-1.62671937e-05,  8.27329966e-05,  8.23499290e-05,\n",
        "         2.57657327e-05,  4.95005434e-04,  2.63160931e-05,\n",
        "         1.39203797e-04,  1.14892013e-04,  5.19030796e-05,\n",
        "         1.74018868e-04,  5.21394675e-05,  2.16395593e-04,\n",
        "         4.70195590e-05,  6.97073720e-05,  2.92606350e-04,\n",
        "         2.28833010e-04,  6.95145053e-05,  3.02426523e-05,\n",
        "         7.90983825e-05,  6.42571270e-05],\n",
        "       [-1.40550996e-06,  4.86020372e-05,  2.63497099e-05,\n",
        "         2.25270167e-05,  2.63160931e-05,  1.46572181e-04,\n",
        "         6.05693678e-05,  3.77435391e-05,  3.93350817e-05,\n",
        "         6.01652421e-05,  3.74620167e-05,  6.92762564e-05,\n",
        "         2.44798223e-05,  2.77179075e-05,  4.57037139e-05,\n",
        "         9.45057152e-05,  3.68832996e-05,  3.42450900e-05,\n",
        "         4.80024552e-05,  1.28163883e-05],\n",
        "       [ 7.13126265e-06,  5.07167745e-05,  1.76329391e-04,\n",
        "         7.39579383e-05,  1.39203797e-04,  6.05693678e-05,\n",
        "         3.28203490e-04,  8.60767739e-05,  4.77230055e-05,\n",
        "         1.29520832e-04,  2.91180843e-05,  1.29581734e-04,\n",
        "         2.18808023e-05,  7.22915473e-05,  2.17509651e-04,\n",
        "         1.23890798e-04,  4.46121268e-05,  4.97741805e-05,\n",
        "         4.48042625e-05,  3.89188394e-05],\n",
        "       [ 2.44090396e-05,  9.39917650e-05,  9.95289843e-05,\n",
        "         8.49449877e-05,  1.14892013e-04,  3.77435391e-05,\n",
        "         8.60767739e-05,  3.99384708e-04,  1.03930073e-04,\n",
        "         1.67827457e-04,  5.50571484e-05,  1.70858941e-04,\n",
        "         2.98674554e-05,  7.15035254e-05,  1.86427002e-04,\n",
        "         1.44208839e-04,  7.40553100e-05,  4.76995486e-05,\n",
        "         6.82559897e-05,  8.44726727e-05],\n",
        "       [ 2.11663038e-05,  5.78951373e-05,  8.19697698e-05,\n",
        "         1.53649139e-05,  5.19030796e-05,  3.93350817e-05,\n",
        "         4.77230055e-05,  1.03930073e-04,  3.20660355e-04,\n",
        "         6.81164104e-05,  1.03871237e-05,  8.48484394e-05,\n",
        "         3.69416448e-05,  5.58411573e-05,  1.02102321e-04,\n",
        "         1.02502985e-04,  4.59242235e-05,  9.17347683e-06,\n",
        "         4.44330212e-05,  6.05571827e-05],\n",
        "       [-6.10813595e-06,  1.91792080e-04,  1.57161298e-04,\n",
        "         2.57262699e-05,  1.74018868e-04,  6.01652421e-05,\n",
        "         1.29520832e-04,  1.67827457e-04,  6.81164104e-05,\n",
        "         7.49733322e-04,  6.19627966e-05,  2.17937686e-04,\n",
        "         5.36041381e-05,  1.04336954e-04,  3.22216496e-04,\n",
        "         2.44327852e-04,  5.55586834e-05,  9.30543743e-05,\n",
        "         1.72928374e-04,  6.94249049e-05],\n",
        "       [ 1.30085892e-05,  3.53410346e-05,  1.58427214e-05,\n",
        "         2.38882616e-05,  5.21394675e-05,  3.74620167e-05,\n",
        "         2.91180843e-05,  5.50571484e-05,  1.03871237e-05,\n",
        "         6.19627966e-05,  1.69999441e-04,  4.68959097e-05,\n",
        "         2.54860789e-05,  1.82761745e-05,  5.86221913e-05,\n",
        "         7.63882253e-05,  3.45057267e-05,  2.35992533e-05,\n",
        "         3.80462304e-05, -7.89507940e-06],\n",
        "       [ 1.23040699e-05,  1.37412803e-04,  1.33044800e-04,\n",
        "         8.68570485e-05,  2.16395593e-04,  6.92762564e-05,\n",
        "         1.29581734e-04,  1.70858941e-04,  8.48484394e-05,\n",
        "         2.17937686e-04,  4.68959097e-05,  7.94204944e-04,\n",
        "         5.05271763e-05,  1.10876810e-04,  2.81185492e-04,\n",
        "         2.59313840e-04,  5.19858454e-05,  7.72407539e-05,\n",
        "         1.09221112e-04,  8.00947475e-05],\n",
        "       [ 1.84852897e-05,  3.73813644e-05,  3.35104105e-05,\n",
        "        -5.26554728e-06,  4.70195590e-05,  2.44798223e-05,\n",
        "         2.18808023e-05,  2.98674554e-05,  3.69416448e-05,\n",
        "         5.36041381e-05,  2.54860789e-05,  5.05271763e-05,\n",
        "         1.47119541e-04,  2.16353735e-05,  6.27162432e-05,\n",
        "         1.08850890e-04,  2.55213143e-05,  6.38800084e-06,\n",
        "         4.65402391e-05,  5.73275340e-05],\n",
        "       [ 4.55526848e-06,  6.84787214e-05,  1.04995689e-04,\n",
        "         4.57674576e-05,  6.97073720e-05,  2.77179075e-05,\n",
        "         7.22915473e-05,  7.15035254e-05,  5.58411573e-05,\n",
        "         1.04336954e-04,  1.82761745e-05,  1.10876810e-04,\n",
        "         2.16353735e-05,  1.74829908e-04,  1.33887367e-04,\n",
        "         1.40274870e-04,  3.99003756e-05,  2.82656596e-05,\n",
        "         6.48196733e-05,  5.73958375e-05],\n",
        "       [-5.68343407e-05,  2.19663660e-04,  3.00290107e-04,\n",
        "         1.23201906e-04,  2.92606350e-04,  4.57037139e-05,\n",
        "         2.17509651e-04,  1.86427002e-04,  1.02102321e-04,\n",
        "         3.22216496e-04,  5.86221913e-05,  2.81185492e-04,\n",
        "         6.27162432e-05,  1.33887367e-04,  4.92398998e-03,\n",
        "         1.03507821e-04,  8.74546117e-05,  1.03665110e-04,\n",
        "         2.30136061e-04,  1.35011619e-04],\n",
        "       [ 1.16758297e-04,  1.02331652e-04,  1.43737410e-04,\n",
        "         4.45490407e-05,  2.28833010e-04,  9.45057152e-05,\n",
        "         1.23890798e-04,  1.44208839e-04,  1.02502985e-04,\n",
        "         2.44327852e-04,  7.63882253e-05,  2.59313840e-04,\n",
        "         1.08850890e-04,  1.40274870e-04,  1.03507821e-04,\n",
        "         1.52994810e-03,  8.91179705e-05,  2.97738927e-05,\n",
        "         1.28305919e-04,  3.26381282e-05],\n",
        "       [-4.05983564e-06,  2.76988668e-05,  5.83466198e-05,\n",
        "         2.86167176e-05,  6.95145053e-05,  3.68832996e-05,\n",
        "         4.46121268e-05,  7.40553100e-05,  4.59242235e-05,\n",
        "         5.55586834e-05,  3.45057267e-05,  5.19858454e-05,\n",
        "         2.55213143e-05,  3.99003756e-05,  8.74546117e-05,\n",
        "         8.91179705e-05,  2.09994983e-04,  2.82124485e-05,\n",
        "         3.15070541e-05,  4.36989832e-05],\n",
        "       [ 3.67251132e-06,  5.26474469e-05,  3.69633892e-05,\n",
        "         1.03866379e-05,  3.02426523e-05,  3.42450900e-05,\n",
        "         4.97741805e-05,  4.76995486e-05,  9.17347683e-06,\n",
        "         9.30543743e-05,  2.35992533e-05,  7.72407539e-05,\n",
        "         6.38800084e-06,  2.82656596e-05,  1.03665110e-04,\n",
        "         2.97738927e-05,  2.82124485e-05,  1.79857100e-04,\n",
        "         4.40397017e-05,  4.35546475e-05],\n",
        "       [-8.38579862e-06,  2.05884269e-04,  6.07210189e-05,\n",
        "         4.35576806e-05,  7.90983825e-05,  4.80024552e-05,\n",
        "         4.48042625e-05,  6.82559897e-05,  4.44330212e-05,\n",
        "         1.72928374e-04,  3.80462304e-05,  1.09221112e-04,\n",
        "         4.65402391e-05,  6.48196733e-05,  2.30136061e-04,\n",
        "         1.28305919e-04,  3.15070541e-05,  4.40397017e-05,\n",
        "         2.53858180e-04,  6.24938705e-05],\n",
        "       [ 4.13408072e-06,  6.82330215e-05,  7.67051042e-05,\n",
        "         2.25339745e-05,  6.42571270e-05,  1.28163883e-05,\n",
        "         3.89188394e-05,  8.44726727e-05,  6.05571827e-05,\n",
        "         6.94249049e-05, -7.89507940e-06,  8.00947475e-05,\n",
        "         5.73275340e-05,  5.73958375e-05,  1.35011619e-04,\n",
        "         3.26381282e-05,  4.36989832e-05,  4.35546475e-05,\n",
        "         6.24938705e-05,  4.02514960e-04]])"
       ]
      }
     ],
     "prompt_number": 31
    },
    {
     "cell_type": "code",
     "collapsed": false,
     "input": [
      "np.cov(np.transpose(return_data))"
     ],
     "language": "python",
     "metadata": {},
     "outputs": [
      {
       "metadata": {},
       "output_type": "pyout",
       "prompt_number": 32,
       "text": [
        "array([[ 3.01306243e-04, -1.58200760e-06,  2.81608311e-05,\n",
        "         2.62221778e-05, -1.63325238e-05, -1.41115458e-06,\n",
        "         7.15990225e-06,  2.45070678e-05,  2.12513091e-05,\n",
        "        -6.13266662e-06,  1.30608326e-05,  1.23534838e-05,\n",
        "         1.85595278e-05,  4.57356273e-06, -5.70625910e-05,\n",
        "         1.17227205e-04, -4.07614020e-06,  3.68726036e-06,\n",
        "        -8.41947652e-06,  4.15068345e-06],\n",
        "       [-1.58200760e-06,  2.71193480e-04,  7.01855018e-05,\n",
        "         2.65392848e-05,  8.30652576e-05,  4.87972261e-05,\n",
        "         5.09204563e-05,  9.43692419e-05,  5.81276478e-05,\n",
        "         1.92562330e-04,  3.54829665e-05,  1.37964661e-04,\n",
        "         3.75314904e-05,  6.87537364e-05,  2.20545844e-04,\n",
        "         1.02742623e-04,  2.78101072e-05,  5.28588824e-05,\n",
        "         2.06711114e-04,  6.85070497e-05],\n",
        "       [ 2.81608311e-05,  7.01855018e-05,  4.70166912e-04,\n",
        "         8.15751174e-05,  8.26806516e-05,  2.64555320e-05,\n",
        "         1.77037541e-04,  9.99286991e-05,  8.22989657e-05,\n",
        "         1.57792468e-04,  1.59063467e-05,  1.33579117e-04,\n",
        "         3.36449905e-05,  1.05417359e-04,  3.01496092e-04,\n",
        "         1.44314669e-04,  5.85809436e-05,  3.71118365e-05,\n",
        "         6.09648784e-05,  7.70131568e-05],\n",
        "       [ 2.62221778e-05,  2.65392848e-05,  8.15751174e-05,\n",
        "         3.50158134e-04,  2.58692096e-05,  2.26174867e-05,\n",
        "         7.42549581e-05,  8.52861323e-05,  1.54266203e-05,\n",
        "         2.58295882e-05,  2.39841984e-05,  8.72058720e-05,\n",
        "        -5.28669405e-06,  4.59512627e-05,  1.23696692e-04,\n",
        "         4.47279525e-05,  2.87316442e-05,  1.04283513e-05,\n",
        "         4.37326110e-05,  2.26244724e-05],\n",
        "       [-1.63325238e-05,  8.30652576e-05,  8.26806516e-05,\n",
        "         2.58692096e-05,  4.96993407e-04,  2.64217802e-05,\n",
        "         1.39762848e-04,  1.15353426e-04,  5.21115257e-05,\n",
        "         1.74717739e-04,  5.23488629e-05,  2.17264652e-04,\n",
        "         4.72083926e-05,  6.99873213e-05,  2.93781476e-04,\n",
        "         2.29752018e-04,  6.97936800e-05,  3.03641087e-05,\n",
        "         7.94160467e-05,  6.45151878e-05],\n",
        "       [-1.41115458e-06,  4.87972261e-05,  2.64555320e-05,\n",
        "         2.26174867e-05,  2.64217802e-05,  1.47160825e-04,\n",
        "         6.08126183e-05,  3.78951195e-05,  3.94930539e-05,\n",
        "         6.04068695e-05,  3.76124666e-05,  6.95544743e-05,\n",
        "         2.45781348e-05,  2.78292244e-05,  4.58872630e-05,\n",
        "         9.48852563e-05,  3.70314253e-05,  3.43826205e-05,\n",
        "         4.81952361e-05,  1.28678598e-05],\n",
        "       [ 7.15990225e-06,  5.09204563e-05,  1.77037541e-04,\n",
        "         7.42549581e-05,  1.39762848e-04,  6.08126183e-05,\n",
        "         3.29521577e-04,  8.64224637e-05,  4.79146642e-05,\n",
        "         1.30040996e-04,  2.92350244e-05,  1.30102143e-04,\n",
        "         2.19686770e-05,  7.25818748e-05,  2.18383183e-04,\n",
        "         1.24388352e-04,  4.47912920e-05,  4.99740768e-05,\n",
        "         4.49841993e-05,  3.90751399e-05],\n",
        "       [ 2.45070678e-05,  9.43692419e-05,  9.99286991e-05,\n",
        "         8.52861323e-05,  1.15353426e-04,  3.78951195e-05,\n",
        "         8.64224637e-05,  4.00988662e-04,  1.04347463e-04,\n",
        "         1.68501463e-04,  5.52782615e-05,  1.71545121e-04,\n",
        "         2.99874050e-05,  7.17906882e-05,  1.87175704e-04,\n",
        "         1.44787991e-04,  7.43527209e-05,  4.78911130e-05,\n",
        "         6.85301102e-05,  8.48119204e-05],\n",
        "       [ 2.12513091e-05,  5.81276478e-05,  8.22989657e-05,\n",
        "         1.54266203e-05,  5.21115257e-05,  3.94930539e-05,\n",
        "         4.79146642e-05,  1.04347463e-04,  3.21948148e-04,\n",
        "         6.83899703e-05,  1.04288390e-05,  8.51891961e-05,\n",
        "         3.70900048e-05,  5.60654190e-05,  1.02512370e-04,\n",
        "         1.02914644e-04,  4.61086581e-05,  9.21031810e-06,\n",
        "         4.46114671e-05,  6.08003842e-05],\n",
        "       [-6.13266662e-06,  1.92562330e-04,  1.57792468e-04,\n",
        "         2.58295882e-05,  1.74717739e-04,  6.04068695e-05,\n",
        "         1.30040996e-04,  1.68501463e-04,  6.83899703e-05,\n",
        "         7.52744299e-04,  6.22116432e-05,  2.18812938e-04,\n",
        "         5.38194158e-05,  1.04755978e-04,  3.23510538e-04,\n",
        "         2.45309088e-04,  5.57818107e-05,  9.34280867e-05,\n",
        "         1.73622866e-04,  6.97037198e-05],\n",
        "       [ 1.30608326e-05,  3.54829665e-05,  1.59063467e-05,\n",
        "         2.39841984e-05,  5.23488629e-05,  3.76124666e-05,\n",
        "         2.92350244e-05,  5.52782615e-05,  1.04288390e-05,\n",
        "         6.22116432e-05,  1.70682170e-04,  4.70842467e-05,\n",
        "         2.55884326e-05,  1.83495728e-05,  5.88576218e-05,\n",
        "         7.66950054e-05,  3.46443039e-05,  2.36940294e-05,\n",
        "         3.81990265e-05, -7.92678654e-06],\n",
        "       [ 1.23534838e-05,  1.37964661e-04,  1.33579117e-04,\n",
        "         8.72058720e-05,  2.17264652e-04,  6.95544743e-05,\n",
        "         1.30102143e-04,  1.71545121e-04,  8.51891961e-05,\n",
        "         2.18812938e-04,  4.70842467e-05,  7.97394522e-04,\n",
        "         5.07300967e-05,  1.11322099e-04,  2.82314751e-04,\n",
        "         2.60355261e-04,  5.21946239e-05,  7.75509577e-05,\n",
        "         1.09659751e-04,  8.04164132e-05],\n",
        "       [ 1.85595278e-05,  3.75314904e-05,  3.36449905e-05,\n",
        "        -5.28669405e-06,  4.72083926e-05,  2.45781348e-05,\n",
        "         2.19686770e-05,  2.99874050e-05,  3.70900048e-05,\n",
        "         5.38194158e-05,  2.55884326e-05,  5.07300967e-05,\n",
        "         1.47710382e-04,  2.17222625e-05,  6.29681157e-05,\n",
        "         1.09288043e-04,  2.56238095e-05,  6.41365546e-06,\n",
        "         4.67271477e-05,  5.75577651e-05],\n",
        "       [ 4.57356273e-06,  6.87537364e-05,  1.05417359e-04,\n",
        "         4.59512627e-05,  6.99873213e-05,  2.78292244e-05,\n",
        "         7.25818748e-05,  7.17906882e-05,  5.60654190e-05,\n",
        "         1.04755978e-04,  1.83495728e-05,  1.11322099e-04,\n",
        "         2.17222625e-05,  1.75532036e-04,  1.34425067e-04,\n",
        "         1.40838223e-04,  4.00606181e-05,  2.83791763e-05,\n",
        "         6.50799932e-05,  5.76263429e-05],\n",
        "       [-5.70625910e-05,  2.20545844e-04,  3.01496092e-04,\n",
        "         1.23696692e-04,  2.93781476e-04,  4.58872630e-05,\n",
        "         2.18383183e-04,  1.87175704e-04,  1.02512370e-04,\n",
        "         3.23510538e-04,  5.88576218e-05,  2.82314751e-04,\n",
        "         6.29681157e-05,  1.34425067e-04,  4.94376504e-03,\n",
        "         1.03923515e-04,  8.78058351e-05,  1.04081435e-04,\n",
        "         2.31060302e-04,  1.35553834e-04],\n",
        "       [ 1.17227205e-04,  1.02742623e-04,  1.44314669e-04,\n",
        "         4.47279525e-05,  2.29752018e-04,  9.48852563e-05,\n",
        "         1.24388352e-04,  1.44787991e-04,  1.02914644e-04,\n",
        "         2.45309088e-04,  7.66950054e-05,  2.60355261e-04,\n",
        "         1.09288043e-04,  1.40838223e-04,  1.03923515e-04,\n",
        "         1.53609247e-03,  8.94758740e-05,  2.98934666e-05,\n",
        "         1.28821203e-04,  3.27692050e-05],\n",
        "       [-4.07614020e-06,  2.78101072e-05,  5.85809436e-05,\n",
        "         2.87316442e-05,  6.97936800e-05,  3.70314253e-05,\n",
        "         4.47912920e-05,  7.43527209e-05,  4.61086581e-05,\n",
        "         5.57818107e-05,  3.46443039e-05,  5.21946239e-05,\n",
        "         2.56238095e-05,  4.00606181e-05,  8.78058351e-05,\n",
        "         8.94758740e-05,  2.10838336e-04,  2.83257515e-05,\n",
        "         3.16335885e-05,  4.38744811e-05],\n",
        "       [ 3.68726036e-06,  5.28588824e-05,  3.71118365e-05,\n",
        "         1.04283513e-05,  3.03641087e-05,  3.43826205e-05,\n",
        "         4.99740768e-05,  4.78911130e-05,  9.21031810e-06,\n",
        "         9.34280867e-05,  2.36940294e-05,  7.75509577e-05,\n",
        "         6.41365546e-06,  2.83791763e-05,  1.04081435e-04,\n",
        "         2.98934666e-05,  2.83257515e-05,  1.80579418e-04,\n",
        "         4.42165680e-05,  4.37295658e-05],\n",
        "       [-8.41947652e-06,  2.06711114e-04,  6.09648784e-05,\n",
        "         4.37326110e-05,  7.94160467e-05,  4.81952361e-05,\n",
        "         4.49841993e-05,  6.85301102e-05,  4.46114671e-05,\n",
        "         1.73622866e-04,  3.81990265e-05,  1.09659751e-04,\n",
        "         4.67271477e-05,  6.50799932e-05,  2.31060302e-04,\n",
        "         1.28821203e-04,  3.16335885e-05,  4.42165680e-05,\n",
        "         2.54877690e-04,  6.27448499e-05],\n",
        "       [ 4.15068345e-06,  6.85070497e-05,  7.70131568e-05,\n",
        "         2.26244724e-05,  6.45151878e-05,  1.28678598e-05,\n",
        "         3.90751399e-05,  8.48119204e-05,  6.08003842e-05,\n",
        "         6.97037198e-05, -7.92678654e-06,  8.04164132e-05,\n",
        "         5.75577651e-05,  5.76263429e-05,  1.35553834e-04,\n",
        "         3.27692050e-05,  4.38744811e-05,  4.37295658e-05,\n",
        "         6.27448499e-05,  4.04131486e-04]])"
       ]
      }
     ],
     "prompt_number": 32
    },
    {
     "cell_type": "markdown",
     "metadata": {},
     "source": [
      "## Markowitz Model 1"
     ]
    },
    {
     "cell_type": "code",
     "collapsed": false,
     "input": [
      "np.matmul(np.linalg.inv(cov_mat), np.ones(20)) / np.matmul(np.transpose(np.ones(20)), np.matmul(np.linalg.inv(cov_mat), np.ones(20)))"
     ],
     "language": "python",
     "metadata": {},
     "outputs": [
      {
       "metadata": {},
       "output_type": "pyout",
       "prompt_number": 66,
       "text": [
        "array([ 0.1174731 ,  0.02240335, -0.00071515,  0.07100594,  0.0325103 ,\n",
        "        0.13375978,  0.00626226, -0.02092508,  0.04783799, -0.02181592,\n",
        "        0.12394587, -0.02639979,  0.17720641,  0.12191395, -0.00616481,\n",
        "       -0.03224203,  0.07392349,  0.14318537,  0.01403031,  0.02280466])"
       ]
      }
     ],
     "prompt_number": 66
    },
    {
     "cell_type": "markdown",
     "metadata": {},
     "source": [
      "## Markowitz Model 2"
     ]
    },
    {
     "cell_type": "code",
     "collapsed": false,
     "input": [
      "R = 0.02"
     ],
     "language": "python",
     "metadata": {},
     "outputs": [],
     "prompt_number": 87
    },
    {
     "cell_type": "code",
     "collapsed": false,
     "input": [
      "return_mean = return_data.mean()\n",
      "cov_inv_mean = np.matmul(np.linalg.inv(cov_mat), return_mean)\n",
      "cov_inv_unit = np.matmul(np.linalg.inv(cov_mat), np.ones(20))\n",
      "m11 = np.matmul(np.transpose(return_mean), cov_inv_mean)\n",
      "m12 = np.matmul(np.transpose(return_mean), cov_inv_unit)\n",
      "m21 = np.matmul(np.transpose(np.ones(20)), cov_inv_mean)\n",
      "m22 = np.matmul(np.transpose(np.ones(20)), cov_inv_unit)"
     ],
     "language": "python",
     "metadata": {},
     "outputs": [],
     "prompt_number": 88
    },
    {
     "cell_type": "code",
     "collapsed": false,
     "input": [
      "lambda1 = np.linalg.det(np.matrix([[2*R, m12], [2, m22]])) / np.linalg.det(np.matrix([[m11, m12], [m21, m22]]))"
     ],
     "language": "python",
     "metadata": {},
     "outputs": [],
     "prompt_number": 89
    },
    {
     "cell_type": "code",
     "collapsed": false,
     "input": [
      "lambda1"
     ],
     "language": "python",
     "metadata": {},
     "outputs": [
      {
       "metadata": {},
       "output_type": "pyout",
       "prompt_number": 90,
       "text": [
        "0.4413353749757343"
       ]
      }
     ],
     "prompt_number": 90
    },
    {
     "cell_type": "code",
     "collapsed": false,
     "input": [
      "lambda2 = np.linalg.det(np.matrix([[m11, 2*R], [m21, 2]])) / np.linalg.det(np.matrix([[m11, m12], [m21, m22]]))"
     ],
     "language": "python",
     "metadata": {},
     "outputs": [],
     "prompt_number": 91
    },
    {
     "cell_type": "code",
     "collapsed": false,
     "input": [
      "lambda2"
     ],
     "language": "python",
     "metadata": {},
     "outputs": [
      {
       "metadata": {},
       "output_type": "pyout",
       "prompt_number": 84,
       "text": [
        "-0.008047940498852263"
       ]
      }
     ],
     "prompt_number": 84
    },
    {
     "cell_type": "code",
     "collapsed": false,
     "input": [
      "weights = lambda1 * cov_inv_mean + lambda2 * cov_inv_unit"
     ],
     "language": "python",
     "metadata": {},
     "outputs": [],
     "prompt_number": 85
    },
    {
     "cell_type": "code",
     "collapsed": false,
     "input": [
      "weights"
     ],
     "language": "python",
     "metadata": {},
     "outputs": [
      {
       "metadata": {},
       "output_type": "pyout",
       "prompt_number": 86,
       "text": [
        "array([ 157.44305248, -103.38036769,  -14.64845611, -147.23856209,\n",
        "         17.10291538,  174.44960365,  -81.63623212,  195.61988826,\n",
        "        -39.60416587,  -28.99736929,  228.83629638,    3.56108296,\n",
        "       -163.25379579,   60.32297137,    7.53540907,    8.61776512,\n",
        "        -93.55496982, -213.73244198,   20.02096871,   14.53640738])"
       ]
      }
     ],
     "prompt_number": 86
    },
    {
     "cell_type": "markdown",
     "metadata": {},
     "source": [
      "## Markowitz Model 3"
     ]
    },
    {
     "cell_type": "code",
     "collapsed": false,
     "input": [
      "variance_risk = np.matmul( np.transpose(weights), np.matmul(np.transpose(cov_mat), weights)) "
     ],
     "language": "python",
     "metadata": {},
     "outputs": [],
     "prompt_number": 43
    },
    {
     "cell_type": "code",
     "collapsed": false,
     "input": [
      "variance_risk"
     ],
     "language": "python",
     "metadata": {},
     "outputs": [
      {
       "metadata": {},
       "output_type": "pyout",
       "prompt_number": 44,
       "text": [
        "0.01749599011834125"
       ]
      }
     ],
     "prompt_number": 44
    },
    {
     "cell_type": "code",
     "collapsed": false,
     "input": [
      "def getMarkowitz2Weights(return_data, R):\n",
      "    eturn_mean = return_data.mean()\n",
      "    cov_inv_mean = np.matmul(np.linalg.inv(cov_mat), return_mean)\n",
      "    cov_inv_unit = np.matmul(np.linalg.inv(cov_mat), np.ones(20))\n",
      "    m11 = np.matmul(np.transpose(return_mean), cov_inv_mean)\n",
      "    m12 = np.matmul(np.transpose(return_mean), cov_inv_unit)\n",
      "    m21 = np.matmul(np.transpose(np.ones(20)), cov_inv_mean)\n",
      "    m22 = np.matmul(np.transpose(np.ones(20)), cov_inv_unit)\n",
      "    lambda1 = np.linalg.det(np.matrix([[2*R, m12], [2, m22]])) / np.linalg.det(np.matrix([[m11, m12], [m21, m22]]))\n",
      "    lambda2 = np.linalg.det(np.matrix([[m11, 2*R], [m21, 2]])) / np.linalg.det(np.matrix([[m11, m12], [m21, m22]]))\n",
      "    weights = lambda1 * cov_inv_mean + lambda2 * cov_inv_unit\n",
      "    return weights"
     ],
     "language": "python",
     "metadata": {},
     "outputs": [],
     "prompt_number": 48
    },
    {
     "cell_type": "code",
     "collapsed": false,
     "input": [
      "def getMarkowitz2VarianceRisk(return_data, R):\n",
      "    weights = getMarkowitz2Weights(return_data, R)\n",
      "    variance_risk = np.matmul( np.transpose(weights), np.matmul(np.transpose(cov_mat), weights)) \n",
      "    return variance_risk"
     ],
     "language": "python",
     "metadata": {},
     "outputs": [],
     "prompt_number": 49
    },
    {
     "cell_type": "code",
     "collapsed": false,
     "input": [
      "R = 0.01\n",
      "R_list = []\n",
      "variance_risk_list = []\n",
      "while(R < 0.9):\n",
      "    variance_risk_list.append(getMarkowitz2VarianceRisk(return_data, R))\n",
      "    R_list.append(R)\n",
      "    R += 0.01\n",
      "#len(variance_risk_list) / len(R_list)\n",
      "plt.plot(R_list, variance_risk_list)"
     ],
     "language": "python",
     "metadata": {},
     "outputs": [
      {
       "metadata": {},
       "output_type": "pyout",
       "prompt_number": 78,
       "text": [
        "[<matplotlib.lines.Line2D at 0x7f853d770bd0>]"
       ]
      },
      {
       "metadata": {},
       "output_type": "display_data",
